Start Time,End Time,Packet Count,Packets/sec,Bytes/sec,Bits/sec,Average Packet Size,duration
1742995808.274866,1742995808.538033,34,129.20,"1,095,320.0996265635",8762560.80,8478.00,263.167
1742995808.538033,1742995808.792015,93,366.17,"3,457,527.5727087203",27660220.58,9442.47,253.982
1742995808.792015,1742995809.098067,59,192.78,"1,812,979.67418856",14503837.39,9404.51,306.052
1742995809.098067,1742995809.353908,57,222.79,"2,094,417.8801593552",16755343.04,9400.67,255.841
1742995809.353908,1742995809.657884,70,230.28,"2,169,646.2528677215",17357170.02,9421.71,303.976
1742995809.657884,1742995809.972781,70,222.29,"2,094,398.7192964125",16755189.75,9421.71,314.897
1742995809.972781,1742995810.282689,70,225.87,"2,128,114.399503327",17024915.20,9421.71,309.908
1742995810.282689,1742995810.595351,71,227.08,"2,135,668.0473052063",17085344.38,9404.82,312.662
1742995810.595351,1742995810.909426,70,222.88,"2,099,880.64767567",16799045.18,9421.71,314.075
1742995810.909426,1742995811.221693,70,224.17,"2,112,038.2961237435",16896306.37,9421.71,312.267
1742995811.221693,1742995811.492566,56,206.74,"1,947,834.830761431",15582678.65,9421.71,270.873
1742995811.492566,1742995811.781598,70,242.19,"2,281,823.604687995",18254588.84,9421.71,289.032
1742995811.781598,1742995812.035577,56,220.49,"2,082,487.3998789033",16659899.20,9444.79,253.979
1742995812.035577,1742995812.345534,70,225.84,"2,123,610.5064189644",16988884.05,9403.26,309.957
1742995812.345534,1742995812.657031,71,227.93,"2,143,654.8595903753",17149238.88,9404.82,311.497
1742995812.657031,1742995812.968966,70,224.41,"2,114,286.9829021287",16914295.86,9421.71,311.935
1742995812.968966,1742995813.280862,70,224.43,"2,114,550.4228982553",16916403.38,9421.71,311.896
1742995813.280862,1742995813.594416,70,223.25,"2,103,371.0282403394",16826968.23,9421.71,313.554
1742995813.594416,1742995813.908761,70,222.69,"2,098,076.143497826",16784609.15,9421.71,314.345
1742995813.908761,1742995814.217332,70,226.85,"2,137,337.258993695",17098698.07,9421.71,308.571
1742995814.217332,1742995814.530925,70,223.22,"2,103,107.16836019",16824857.35,9421.71,313.593
1742995814.530925,1742995814.787893,70,272.41,"2,571,572.9000762664",20572583.20,9440.17,256.968
1742995814.787893,1742995815.091665,57,187.64,"1,759,694.9294755878",14077559.44,9378.00,303.772
1742995815.091665,1742995815.359434,68,253.95,"2,396,783.5555175655",19174268.44,9438.00,267.769
1742995815.359434,1742995815.65444,59,200.00,"1,876,483.63431056",15011869.07,9382.61,295.006
1742995815.65444,1742995815.946676,70,239.53,"2,256,805.4502185234",18054443.60,9421.71,292.236
1742995815.946676,1742995816.218953,56,205.67,"1,937,792.159157697",15502337.27,9421.71,272.277
1742995816.218953,1742995816.528759,71,229.18,"2,155,354.532186258",17242836.26,9404.82,309.806
1742995816.528759,1742995816.842621,70,223.03,"2,101,305.0980034685",16810440.78,9421.71,313.862
1742995816.842621,1742995817.096339,59,232.54,"2,186,940.698632737",17495525.59,9404.51,253.718
1742995817.096339,1742995817.402875,68,221.83,"2,089,451.435257699",16715611.48,9419.00,306.536
1742995817.402875,1742995817.701825,69,230.81,"2,178,618.812215136",17428950.50,9439.10,298.950
1742995817.701825,1742995817.956302,57,223.99,"2,105,643.9257753287",16845151.41,9400.67,254.477
1742995817.956302,1742995818.215073,57,220.27,"2,070,701.9912674539",16565615.93,9400.67,258.771
1742995818.215073,1742995818.527267,70,224.22,"2,112,533.467905266",16900267.74,9421.71,312.194
1742995818.527267,1742995818.840245,70,223.66,"2,107,240.5675827",16857924.54,9421.71,312.978
1742995818.840245,1742995819.22236,56,146.55,"1,380,778.445494058",11046227.56,9421.71,382.115
1742995819.22236,1742995819.481313,39,150.61,"1,417,901.573000604",11343212.58,9414.62,258.953
1742995819.481313,1742995819.741383,67,257.62,"2,451,023.9180794507",19608191.34,9514.00,260.070
1742995819.741383,1742995820.007908,77,288.90,"2,748,627.397681519",21989019.18,9514.00,266.525
1742995820.007908,1742995820.267661,61,234.84,"2,234,253.4060797645",17874027.25,9514.00,259.753
1742995820.267661,1742995820.548697,73,259.75,"2,460,376.057701803",19683008.46,9471.97,281.036
1742995820.548697,1742995820.842562,44,149.73,"1,424,518.2285505198",11396145.83,9514.00,293.865
1742995820.842562,1742995821.09608,59,232.72,"2,214,145.6168948174",17713164.94,9514.00,253.518
1742995821.09608,1742995821.400141,95,312.44,"2,931,366.3629446323",23450930.90,9382.25,304.061
1742995821.400141,1742995821.712066,70,224.41,"2,114,354.856868566",16914838.85,9421.71,311.925
1742995821.712066,1742995822.024349,70,224.16,"2,111,930.26017514",16895442.08,9421.71,312.283
1742995822.024349,1742995822.337096,71,227.02,"2,135,086.816121291",17080694.53,9404.82,312.747
1742995822.337096,1742995822.6493,70,224.21,"2,112,464.0976143945",16899712.78,9421.71,312.204
1742995822.6493,1742995822.962914,71,226.39,"2,129,185.019802462",17033480.16,9404.82,313.614
1742995822.962914,1742995823.222723,58,223.24,"2,113,968.198480708",16911745.59,9469.45,259.809
1742995823.222723,1742995823.524409,69,228.71,"2,141,729.798895653",17133838.39,9364.20,301.686
1742995823.524409,1742995823.836101,70,224.58,"2,115,934.965268933",16927479.72,9421.71,311.692
1742995823.836101,1742995824.148713,70,223.92,"2,113,840.4158420977",16910723.33,9440.17,312.612
1742995824.148713,1742995824.460323,71,227.85,"2,138,731.219820855",17109849.76,9386.62,311.610
1742995824.460323,1742995824.772658,71,227.32,"2,137,903.1147181587",17103224.92,9404.82,312.335
1742995824.772658,1742995825.06364,70,240.56,"2,266,531.888268999",18132255.11,9421.71,290.982
1742995825.06364,1742995825.336117,56,205.52,"1,941,111.256001001",15528890.05,9444.79,272.477
1742995825.336117,1742995825.656761,70,218.31,"2,052,831.8057935366",16422654.45,9403.26,320.644
1742995825.656761,1742995825.960304,71,233.90,"2,199,826.054994219",17598608.44,9404.82,303.543
1742995825.960304,1742995826.222904,70,266.57,"2,516,420.9376661484",20131367.50,9440.17,262.600
1742995826.222904,1742995826.500466,57,205.36,"1,925,860.6280678245",15406885.02,9378.00,277.562
1742995826.500466,1742995826.775379,56,203.70,"1,919,211.9625763616",15353695.70,9421.71,274.913
1742995826.775379,1742995827.083978,71,230.07,"2,163,785.399068882",17310283.19,9404.82,308.599
1742995827.083978,1742995827.395616,69,221.41,"2,089,917.6474667299",16719341.18,9439.10,311.638
1742995827.395616,1742995827.665859,70,259.03,"2,445,251.764121322",19562014.11,9440.17,270.243
1742995827.665859,1742995827.958328,57,194.89,"1,827,701.2433186816",14621609.95,9378.00,292.469
1742995827.958328,1742995828.223557,56,211.14,"1,989,284.8307601863",15914278.65,9421.71,265.229
1742995828.223557,1742995828.519683,71,239.76,"2,254,926.1148721217",18039408.92,9404.82,296.126
1742995828.519683,1742995828.776529,57,221.92,"2,086,221.3336526528",16689770.67,9400.67,256.846
1742995828.776529,1742995829.036843,48,184.39,"1,754,312.1826794501",14034497.46,9514.00,260.314
1742995829.036843,1742995829.2957,76,293.60,"2,789,864.5471956525",22318916.38,9502.32,258.857
1742995829.2957,1742995829.581433,57,199.49,"1,875,310.2686317589",15002482.15,9400.67,285.733
1742995829.581433,1742995829.893897,70,224.03,"2,110,707.161606905",16885657.29,9421.71,312.464
1742995829.893897,1742995830.147173,56,221.10,"2,093,369.5631055166",16746956.50,9467.86,253.276
1742995830.147173,1742995830.411657,11,41.59,"395,690.9827453943",3165527.86,9514.00,264.484
1742995830.411657,1742995830.707274,16,54.12,"514,936.79130450916",4119494.33,9514.00,295.617
1742995830.707274,1742995831.047279,22,64.70,"615,602.8548332356",4924822.84,9514.00,340.005
1742995831.047279,1742995831.365037,23,72.38,"688,643.3783132024",5509147.03,9514.00,317.758
1742995831.365037,1742995831.73066,41,112.14,"1,066,874.9036513048",8534999.23,9514.00,365.623
1742995831.73066,1742995832.021113,37,127.39,"1,211,962.1829643883",9695697.46,9514.00,290.453
1742995832.021113,1742995832.292845,17,62.56,"595,211.2570396244",4761690.06,9514.00,271.732
1742995832.292845,1742995832.551336,18,69.63,"662,506.5243250722",5300052.19,9514.00,258.491
1742995832.551336,1742995832.869036,19,59.80,"568,983.4801948174",4551867.84,9514.00,317.700
1742995832.869036,1742995833.320224,28,62.06,"590,423.3897168705",4723387.12,9514.00,451.188
1742995833.320224,1742995833.627757,18,58.53,"556,857.2662628586",4454858.13,9514.00,307.533
1742995833.627757,1742995833.947657,30,93.78,"892,216.2175891629",7137729.74,9514.00,319.900
1742995833.947657,1742995834.210815,6,22.80,"216,919.24137406185",1735353.93,9514.00,263.158
1742995834.210815,1742995834.535396,24,73.94,"703,478.937840093",5627831.50,9514.00,324.581
1742995834.535396,1742995834.893105,30,83.87,"797,911.3052241491",6383290.44,9514.00,357.709
1742995834.893105,1742995835.216986,51,157.47,"1,498,124.7233482155",11984997.79,9514.00,323.881
1742995835.216986,1742995835.520435,17,56.02,"532,998.6850226044",4263989.48,9514.00,303.449
1742995835.520435,1742995835.918791,10,25.10,"238,831.62134177945",1910652.97,9514.00,398.356
1742995835.918791,1742995836.374906,40,87.70,"834,350.9725077559",6674807.78,9514.00,456.115
1742995836.374906,1742995836.65715,17,60.23,"573,043.2493806053",4584346.00,9514.00,282.244
1742995836.65715,1742995836.983264,25,76.66,"729,346.3153438937",5834770.52,9514.00,326.114
1742995836.983264,1742995837.321218,2,5.92,"56,303.51321004429",450428.11,9514.00,337.954
1742995837.321218,1742995837.581382,21,80.72,"767,953.9934916106",6143631.95,9514.00,260.164
1742995837.581382,1742995837.976257,14,35.45,"337,311.7651721444",2698494.12,9514.00,394.875
1742995837.976257,1742995838.331288,79,222.52,"2,117,015.053457506",16936120.43,9514.00,355.031
1742995838.331288,1742995838.589869,37,143.09,"1,361,345.5927314772",10890764.74,9514.00,258.581
1742995838.589869,1742995839.000108,57,138.94,"1,321,907.5338761073",10575260.27,9514.00,410.239
1742995839.000108,1742995839.414665,6,14.47,"137,698.80314565747",1101590.43,9514.00,414.557
1742995839.414665,1742995839.796055,18,47.20,"449,020.5759252244",3592164.61,9514.00,381.390
1742995839.796055,1742995840.220844,64,150.66,"1,433,408.2779556983",11467266.22,9514.00,424.789
1742995840.220844,1742995840.487816,51,191.03,"1,817,471.0528272972",14539768.42,9514.00,266.972
1742995840.487816,1742995840.748406,6,23.02,"219,056.891980095",1752455.14,9514.00,260.590
1742995840.748406,1742995841.00849,58,223.00,"2,121,667.1422935044",16973337.14,9514.00,260.084
1742995841.00849,1742995841.532922,24,45.76,"435,396.81870789913",3483174.55,9514.00,524.432
1742995841.532922,1742995841.870697,9,26.64,"253,500.11703280298",2028000.94,9514.00,337.775
1742995841.870697,1742995842.237335,49,133.65,"1,271,515.9631861546",10172127.71,9514.00,366.638
1742995842.237335,1742995842.588377,5,14.24,"135,510.83810735974",1084086.70,9514.00,351.042
1742995842.588377,1742995842.846281,4,15.51,"147,558.751390368",1180470.01,9514.00,257.904
1742995842.846281,1742995843.100096,10,39.40,"374,840.0374608882",2998720.30,9514.00,253.815
1742995843.100096,1742995843.383529,45,158.77,"1,510,515.9231631118",12084127.39,9514.00,283.433
1742995843.383529,1742995843.67053,13,45.30,"430,946.033983236",3447568.27,9514.00,287.001
1742995843.67053,1742995843.937692,18,67.37,"641,004.7035566209",5128037.63,9514.00,267.162
1742995843.937692,1742995844.257214,64,200.30,"1,905,645.7102060704",15245165.68,9514.00,319.522
1742995844.257214,1742995844.645233,36,92.78,"882,699.3922563195",7061595.14,9514.00,388.019
1742995844.645233,1742995845.167552,9,17.23,"163,934.27606521008",1311474.21,9514.00,522.319
1742995845.167552,1742995845.445029,38,136.95,"1,302,925.8862627735",10423407.09,9514.00,277.477
1742995845.445029,1742995845.733861,23,79.63,"757,610.093275078",6060880.75,9514.00,288.832
1742995845.733861,1742995846.013671,30,107.22,"1,020,049.4949591346",8160395.96,9514.00,279.810
1742995846.013671,1742995846.301503,46,159.82,"1,520,484.056621012",12163872.45,9514.00,287.832
1742995846.301503,1742995846.979377,12,17.70,"168,420.65801400528",1347365.26,9514.00,677.874
1742995846.979377,1742995847.255765,15,54.27,"516,339.47995911166",4130715.84,9514.00,276.388
1742995847.255765,1742995847.555554,10,33.36,"317,356.59171341633",2538852.73,9514.00,299.789
1742995847.555554,1742995847.828028,21,77.07,"733,258.8171877229",5866070.54,9514.00,272.474
1742995847.828028,1742995848.118436,28,96.42,"917,302.1289328933",7338417.03,9514.00,290.408
1742995848.118436,1742995848.536832,29,69.31,"659,437.4768781911",5275499.82,9514.00,418.396
1742995848.536832,1742995848.789833,60,237.15,"2,256,275.8929212573",18050207.14,9514.00,253.001
1742995848.789833,1742995849.047085,6,23.32,"221,899.16851731198",1775193.35,9514.00,257.252
1742995849.047085,1742995849.372689,11,33.78,"321,415.00789788546",2571320.06,9514.00,325.604
1742995849.372689,1742995849.693204,3,9.36,"89,050.45741358008",712403.66,9514.00,320.515
1742995849.693204,1742995850.217337,32,61.05,"580,860.2380906243",4646881.90,9514.00,524.133
1742995850.217337,1742995850.498319,29,103.21,"981,934.7246420098",7855477.80,9514.00,280.982
1742995850.498319,1742995850.791613,25,85.24,"810,960.4861136514",6487683.89,9514.00,293.294
1742995850.791613,1742995851.096071,20,65.69,"624,979.6710230081",4999837.37,9514.00,304.458
1742995851.096071,1742995851.469005,50,134.07,"1,275,560.470758516",10204483.77,9514.00,372.934
1742995851.469005,1742995851.73108,19,72.50,"689,749.2561684537",5517994.05,9514.00,262.075
1742995851.73108,1742995851.987507,11,42.90,"408,123.87050513556",3264990.96,9514.00,256.427
1742995851.987507,1742995852.325408,36,106.54,"1,013,622.702142657",8108981.62,9514.00,337.901
1742995852.325408,1742995852.599698,19,69.27,"659,032.2071109195",5272257.66,9514.00,274.290
1742995852.599698,1742995852.877344,21,75.64,"719,600.2282257836",5756801.83,9514.00,277.646
1742995852.877344,1742995853.45037,28,48.86,"464,886.26379290404",3719090.11,9514.00,573.026
1742995853.45037,1742995853.768472,10,31.44,"299,086.5666129023",2392692.53,9514.00,318.102
1742995853.768472,1742995854.102097,28,83.93,"798,477.1451721366",6387817.16,9514.00,333.625
1742995854.102097,1742995854.629986,36,68.20,"648,818.2011311908",5190545.61,9514.00,527.889
1742995854.629986,1742995854.90207,13,47.78,"454,572.85629988706",3636582.85,9514.00,272.084
1742995854.90207,1742995855.388131,28,57.61,"548,063.0578249629",4384504.46,9514.00,486.061
1742995855.388131,1742995855.650486,104,396.41,"3,771,438.179696964",30171505.44,9514.00,262.355
1742995855.650486,1742995856.112866,24,51.91,"493,827.65989227383",3950621.28,9514.00,462.380
1742995856.112866,1742995856.401923,30,103.79,"987,417.6506132912",7899341.20,9514.00,289.057
1742995856.401923,1742995856.847961,40,89.68,"853,200.8335600612",6825606.67,9514.00,446.038
1742995856.847961,1742995857.231561,2,5.21,"49,603.75435427783",396830.03,9514.00,383.600
1742995857.231561,1742995857.716555,42,86.60,"823,902.6821439053",6591221.46,9514.00,484.994
1742995857.716555,1742995857.988473,37,136.07,"1,294,574.9566175013",10356599.65,9514.00,271.918
1742995857.988473,1742995858.428548,4,9.09,"86,476.13757653149",691809.10,9514.00,440.075
1742995858.428548,1742995858.95315,11,20.97,"199,492.2106656244",1595937.69,9514.00,524.602
1742995858.95315,1742995859.517459,29,51.39,"488,927.2682359035",3911418.15,9514.00,564.309
1742995859.517459,1742995859.890573,20,53.60,"509,978.03457481816",4079824.28,9514.00,373.114
1742995859.890573,1742995860.144677,4,15.74,"149,765.50989360933",1198124.08,9514.00,254.104
1742995860.144677,1742995860.436429,35,119.96,"1,141,345.6835801674",9130765.47,9514.00,291.752
1742995860.436429,1742995860.748252,31,99.42,"945,838.193057467",7566705.54,9514.00,311.823
1742995860.748252,1742995861.030086,22,78.06,"742,663.7906772535",5941310.33,9514.00,281.834
1742995861.030086,1742995861.442921,30,72.67,"691,365.9962750245",5530927.97,9514.00,412.835
1742995861.442921,1742995861.964148,2,3.84,"36,506.158679160275",292049.27,9514.00,521.227
1742995861.964148,1742995862.254464,10,34.45,"327,712.02331003477",2621696.19,9514.00,290.316
1742995862.254464,1742995862.634694,37,97.31,"925,802.3449145065",7406418.76,9514.00,380.230
1742995862.634694,1742995862.95367,52,163.02,"1,550,988.5246322171",12407908.20,9514.00,318.976
1742995862.95367,1742995863.375171,36,85.41,"812,581.8538777297",6500654.83,9514.00,421.501
1742995863.375171,1742995863.793503,31,74.10,"705,023.5926438437",5640188.74,9514.00,418.332
1742995863.793503,1742995864.075214,6,21.30,"202,633.29347374407",1621066.35,9514.00,281.711
1742995864.075214,1742995864.336637,34,130.06,"1,237,365.7356067735",9898925.88,9514.00,261.423
1742995864.336637,1742995864.631964,11,37.25,"354,366.5779568916",2834932.62,9514.00,295.327
1742995864.631964,1742995864.960623,34,103.45,"984,229.682715075",7873837.46,9514.00,328.659
1742995864.960623,1742995865.236299,13,47.16,"448,649.844740281",3589198.76,9514.00,275.676
1742995865.236299,1742995865.591487,1,2.82,"26,785.822911786145",214286.58,9514.00,355.188
1742995865.591487,1742995866.243212,2,3.07,"29,196.36108728155",233570.89,9514.00,651.725
1742995866.243212,1742995866.505632,25,95.27,"906,371.6761351505",7250973.41,9514.00,262.420
1742995866.505632,1742995866.763766,113,437.76,"4,164,819.3282195413",33318554.63,9514.00,258.134
1742995866.763766,1742995867.020167,253,986.74,"9,387,800.429196298",75102403.43,9514.00,256.401
1742995867.020167,1742995867.275247,212,831.11,"7,907,198.217255532",63257585.74,9514.00,255.080
1742995867.275247,1742995867.528689,308,1215.27,"11,562,070.176863478",92496561.41,9514.00,253.442
1742995867.528689,1742995867.782942,190,747.29,"7,109,685.787090392",56877486.30,9514.00,254.253
1742995867.782942,1742995868.036513,276,1088.45,"10,355,536.135124309",82844289.08,9514.00,253.571
1742995868.036513,1742995868.298845,278,1059.73,"10,082,233.11384895",80657864.91,9514.00,262.332
1742995868.298845,1742995868.552247,248,978.68,"9,311,181.637480536",74489453.10,9514.00,253.402
1742995868.552247,1742995868.805328,306,1209.10,"11,503,375.537529038",92027004.30,9514.00,253.081
1742995868.805328,1742995869.068741,222,842.78,"8,018,231.7113704765",64145853.69,9514.00,263.413
1742995869.068741,1742995869.328353,286,1101.64,"10,481,047.195004826",83848377.56,9514.00,259.612
1742995869.328353,1742995869.590159,308,1176.44,"11,192,684.180815121",89541473.45,9514.00,261.806
1742995869.590159,1742995869.845067,224,878.75,"8,360,409.600550712",66883276.80,9514.00,254.908
1742995869.845067,1742995870.098466,282,1112.87,"10,587,844.107245548",84702752.86,9514.00,253.399
1742995870.098466,1742995870.353738,166,650.29,"6,186,824.531209343",49494596.25,9514.00,255.272
1742995870.353738,1742995870.607571,146,575.18,"5,472,279.022042884",43778232.18,9514.00,253.833
1742995870.607571,1742995870.864239,322,1254.54,"11,935,679.227632126",95485433.82,9514.00,256.668
1742995870.864239,1742995871.12168,220,854.56,"8,130,327.505931731",65042620.05,9514.00,257.441
1742995871.12168,1742995871.37566,118,464.60,"4,420,239.182974441",35361913.46,9514.00,253.980
1742995871.37566,1742995871.632987,294,1142.51,"10,869,885.915108569",86959087.32,9514.00,257.327
1742995871.632987,1742995871.900446,198,740.30,"7,043,220.058662654",56345760.47,9514.00,267.459
1742995871.900446,1742995872.154349,274,1079.15,"10,267,048.653260678",82136389.23,9514.00,253.903
1742995872.154349,1742995872.433072,216,774.96,"7,372,997.524736773",58983980.20,9514.00,278.723
1742995872.433072,1742995872.692745,193,743.24,"7,071,212.052558562",56569696.42,9514.00,259.673
1742995872.692745,1742995872.971198,277,994.78,"9,464,351.051412044",75714808.41,9514.00,278.453
1742995872.971198,1742995873.229882,144,556.66,"5,296,100.354805857",42368802.84,9514.00,258.684
1742995873.229882,1742995873.48493,252,988.05,"9,400,299.77173337",75202398.17,9514.00,255.048
1742995873.48493,1742995873.745302,72,276.53,"2,630,882.74239501",21047061.94,9514.00,260.372
1742995873.745302,1742995874.154502,9,21.99,"209,252.2234073235",1674017.79,9514.00,409.200
1742995874.154502,1742995874.432822,27,97.01,"922,958.9380062175",7383671.50,9514.00,278.320
1742995874.432822,1742995874.691142,12,46.45,"441,963.2967983512",3535706.37,9514.00,258.320
1742995874.691142,1742995874.944622,40,157.80,"1,501,341.5799513154",12010732.64,9514.00,253.480
1742995874.944622,1742995875.248609,26,85.53,"813,732.0960052203",6509856.77,9514.00,303.987
1742995875.248609,1742995875.678391,7,16.29,"154,957.66077677355",1239661.29,9514.00,429.782
1742995875.678391,1742995875.977735,21,70.15,"667,439.327600873",5339514.62,9514.00,299.344
1742995875.977735,1742995876.238347,22,84.42,"803,140.2667603464",6425122.13,9514.00,260.612
1742995876.238347,1742995876.503824,5,18.83,"179,186.93665238426",1433495.49,9514.00,265.477
1742995876.503824,1742995876.863323,10,27.82,"264,646.09334627894",2117168.75,9514.00,359.499
1742995876.863323,1742995877.211433,13,37.34,"355,295.7801105283",2842366.24,9514.00,348.110
1742995877.211433,1742995877.660607,28,62.34,"593,070.6178740354",4744564.94,9514.00,449.174
1742995877.660607,1742995877.939419,10,35.87,"341,233.6030620255",2729868.82,9514.00,278.812
1742995877.939419,1742995878.207498,6,22.38,"212,937.1974831133",1703497.58,9514.00,268.079
1742995878.207498,1742995878.579694,2,5.37,"51,123.607162371736",408988.86,9514.00,372.196
1742995878.579694,1742995878.841183,52,198.86,"1,891,965.4814636512",15135723.85,9514.00,261.489
1742995878.841183,1742995879.144399,53,174.79,"1,662,979.6329302238",13303837.06,9514.00,303.216
1742995879.144399,1742995879.516062,5,13.45,"127,992.2618720764",1023938.09,9514.00,371.663
1742995879.516062,1742995879.832351,12,37.94,"360,961.07910376205",2887688.63,9514.00,316.289
1742995879.832351,1742995880.411538,18,31.08,"295,676.5685917591",2365412.55,9514.00,579.187
1742995880.411538,1742995880.936828,36,68.53,"652,028.3880164813",5216227.10,9514.00,525.290
1742995880.936828,1742995881.613294,20,29.57,"281,285.39103317796",2250283.13,9514.00,676.466
1742995881.613294,1742995882.355739,10,13.47,"128,144.13251463292",1025153.06,9514.00,742.445
1742995882.355739,1742995882.650656,45,152.59,"1,451,697.227760392",11613577.82,9514.00,294.917
1742995882.650656,1742995882.924253,19,69.45,"660,701.6840797212",5285613.47,9514.00,273.597
1742995882.924253,1742995883.23781,8,25.51,"242,737.4351486101",1941899.48,9514.00,313.557
1742995883.23781,1742995883.58895,6,17.09,"162,567.62652601732",1300541.01,9514.00,351.140
1742995883.58895,1742995883.955758,48,130.86,"1,244,988.606659062",9959908.85,9514.00,366.808
1742995883.955758,1742995884.219095,39,148.10,"1,409,016.3754987484",11272131.00,9514.00,263.337
1742995884.219095,1742995884.495818,33,119.25,"1,134,571.7716195958",9076574.17,9514.00,276.723
1742995884.495818,1742995884.836535,42,123.27,"1,172,785.3596861179",9382282.88,9514.00,340.717
1742995884.836535,1742995885.482659,4,6.19,"58,898.89969339947",471191.20,9514.00,646.124
1742995885.482659,1742995885.798577,11,34.82,"331,269.53941267385",2650156.32,9514.00,315.918
1742995885.798577,1742995886.066303,43,160.61,"1,528,062.589282979",12224500.71,9514.00,267.726
1742995886.066303,1742995887.012062,44,46.52,"442,624.36236756016",3540994.90,9514.00,945.759
1742995887.012062,1742995887.728946,2,2.79,"26,542.65224660265",212341.22,9514.00,716.884
1742995887.728946,1742995888.198438,28,59.64,"567,404.8194223824",4539238.56,9514.00,469.492
1742995888.198438,1742995888.564963,13,35.47,"337,444.7624551329",2699558.10,9514.00,366.525
1742995888.564963,1742995888.838409,3,10.97,"104,378.98603471051",835031.89,9514.00,273.446
1742995888.838409,1742995889.098024,8,30.81,"293,172.64519920945",2345381.16,9514.00,259.615
1742995889.098024,1742995889.366695,60,223.32,"2,124,680.0883140117",16997440.71,9514.00,268.671
1742995889.366695,1742995889.848366,6,12.46,"118,512.40525967999",948099.24,9514.00,481.671
1742995889.848366,1742995890.109688,16,61.23,"582,515.0101599906",4660120.08,9514.00,261.322
1742995890.109688,1742995890.41974,2,6.45,"61,370.36700470298",490962.94,9514.00,310.052
1742995890.41974,1742995890.775322,21,59.06,"561,878.8371182076",4495030.70,9514.00,355.582
1742995890.775322,1742995891.133227,4,11.18,"106,329.84760748832",850638.78,9514.00,357.905
1742995891.133227,1742995891.424177,83,285.27,"2,714,083.1226649797",21712664.98,9514.00,290.950
1742995891.424177,1742995891.715983,2,6.85,"65,207.71038047328",521661.68,9514.00,291.806
1742995891.715983,1742995892.035992,18,56.25,"535,147.4604351762",4281179.68,9514.00,320.009
1742995892.035992,1742995892.293135,48,186.67,"1,775,945.5375509022",14207564.30,9514.00,257.143
1742995892.293135,1742995892.574333,22,78.24,"744,343.7776146105",5954750.22,9514.00,281.198
1742995892.574333,1742995892.861816,10,34.78,"330,941.334410358",2647530.68,9514.00,287.483
1742995892.861816,1742995893.137454,58,210.42,"2,001,943.8278779702",16015550.62,9514.00,275.638
1742995893.137454,1742995893.896397,6,7.91,"75,215.1267156273",601721.01,9514.00,758.943
1742995893.896397,1742995894.408806,4,7.81,"74,268.80108542764",594150.41,9514.00,512.409
1742995894.408806,1742995894.793494,14,36.39,"346,244.3186071504",2769954.55,9514.00,384.688
1742995894.793494,1742995895.05012,50,194.84,"1,853,669.3889078829",14829355.11,9514.00,256.626
1742995895.05012,1742995895.303793,44,173.45,"1,650,220.0351923578",13201760.28,9514.00,253.673
1742995895.303793,1742995896.108948,37,45.95,"437,205.23752785334",3497641.90,9514.00,805.155
1742995896.108948,1742995896.366205,3,11.66,"110,947.42493424553",887579.40,9514.00,257.257
1742995896.366205,1742995896.747195,18,47.25,"449,492.07916955574",3595936.63,9514.00,380.990
1742995896.747195,1742995897.001565,24,94.35,"897,653.1163918062",7181224.93,9514.00,254.370
1742995897.001565,1742995897.265698,6,22.72,"216,118.41410149712",1728947.31,9514.00,264.133
1742995897.265698,1742995897.674549,8,19.57,"186,160.66168507258",1489285.29,9514.00,408.851
1742995897.674549,1742995898.212579,6,11.15,"106,098.19088290178",848785.53,9514.00,538.030
1742995898.212579,1742995898.682822,4,8.51,"80,928.37501001348",647427.00,9514.00,470.243
1742995898.682822,1742995898.97678,15,51.03,"485,477.601944606",3883820.82,9514.00,293.958
1742995898.97678,1742995899.238462,19,72.61,"690,784.9100507118",5526279.28,9514.00,261.682
1742995899.238462,1742995899.543566,34,111.44,"1,060,215.473094845",8481723.78,9514.00,305.104
1742995899.543566,1742995899.834866,24,82.39,"783,851.5422265982",6270812.34,9514.00,291.300
1742995899.834866,1742995900.538402,46,65.38,"622,063.3756904805",4976507.01,9514.00,703.536
1742995900.538402,1742995901.205737,32,47.95,"456,214.6219736578",3649716.98,9514.00,667.335
1742995901.205737,1742995901.538488,12,36.06,"343,103.61067826074",2744828.89,9514.00,332.751
1742995901.538488,1742995901.792131,48,189.24,"1,800,451.5613842474",14403612.49,9514.00,253.643
1742995901.792131,1742995902.107609,66,209.21,"1,990,388.641642187",15923109.13,9514.00,315.478
1742995902.107609,1742995902.383405,28,101.52,"965,902.5557050136",7727220.45,9514.00,275.796
1742995902.383405,1742995902.67638,8,27.31,"259,790.1298051962",2078321.04,9514.00,292.975
1742995902.67638,1742995903.013866,22,65.19,"620,197.5258770811",4961580.21,9514.00,337.486
1742995903.013866,1742995903.284572,56,206.87,"1,968,128.2326815645",15745025.86,9514.00,270.706
1742995903.284572,1742995903.540373,56,218.92,"2,082,804.9211451495",16662439.37,9514.00,255.801
1742995903.540373,1742995903.832576,58,198.49,"1,888,454.585756388",15107636.69,9514.00,292.203
1742995903.832576,1742995904.226991,22,55.78,"530,679.7463283475",4245437.97,9514.00,394.415
1742995904.226991,1742995904.508554,2,7.10,"67,579.89172546765",540639.13,9514.00,281.563
1742995904.508554,1742995904.788598,6,21.43,"203,839.3392894542",1630714.71,9514.00,280.044
1742995904.788598,1742995905.343084,7,12.62,"120,107.62334849591",960860.99,9514.00,554.486
1742995905.343084,1742995905.646205,12,39.59,"376,641.85564516066",3013134.85,9514.00,303.121
1742995905.646205,1742995906.012147,3,8.20,"77,995.96628774256",623967.73,9514.00,365.942
1742995906.012147,1742995906.560762,57,103.90,"988,485.5881911712",7907884.71,9514.00,548.615
1742995906.560762,1742995907.007026,75,168.06,"1,598,941.3314798262",12791530.65,9514.00,446.264
1742995907.007026,1742995907.2627,42,164.27,"1,562,880.0995472665",12503040.80,9514.00,255.674
1742995907.2627,1742995907.871526,4,6.57,"62,507.193968047475",500057.55,9514.00,608.826
1742995907.871526,1742995908.225359,3,8.48,"80,665.18164280569",645321.45,9514.00,353.833
1742995908.225359,1742995908.492331,9,33.71,"320,730.1857930524",2565841.49,9514.00,266.972
1742995908.492331,1742995908.780162,7,24.32,"231,378.77524392193",1851030.20,9514.00,287.831
1742995908.780162,1742995909.078243,11,36.90,"351,092.5811290934",2808740.65,9514.00,298.081
1742995909.078243,1742995909.557553,31,64.68,"615,330.3249030528",4922642.60,9514.00,479.310
1742995909.557553,1742995909.887763,14,42.40,"403,367.5900479494",3226940.72,9514.00,330.210
1742995909.887763,1742995910.200024,3,9.61,"91,404.3451890752",731234.76,9514.00,312.261
1742995910.200024,1742995910.557074,10,28.01,"266,461.1452766702",2131689.16,9514.00,357.050
1742995910.557074,1742995911.040086,9,18.63,"177,275.11307523228",1418200.90,9514.00,483.012
1742995911.040086,1742995911.305773,14,52.69,"501,326.7702203573",4010614.16,9514.00,265.687
1742995911.305773,1742995911.581058,13,47.22,"449,287.09336765314",3594296.75,9514.00,275.285
1742995911.581058,1742995911.882629,59,195.64,"1,861,340.1169312503",14890720.94,9514.00,301.571
1742995911.882629,1742995912.214104,26,78.44,"746,252.313090562",5970018.50,9514.00,331.475
1742995912.214104,1742995912.474844,45,172.59,"1,641,980.254182657",13135842.03,9514.00,260.740
1742995912.474844,1742995912.750909,30,108.67,"1,033,886.5306101299",8271092.24,9514.00,276.065
1742995912.750909,1742995913.228634,15,31.40,"298,728.32976996835",2389826.64,9514.00,477.725
1742995913.228634,1742995913.510688,18,63.82,"607,160.4441243596",4857283.55,9514.00,282.054
1742995913.510688,1742995913.810651,30,100.01,"951,517.3619386139",7612138.90,9514.00,299.963
1742995913.810651,1742995914.109884,13,43.44,"413,330.1361736439",3306641.09,9514.00,299.233
1742995914.109884,1742995914.381396,2,7.37,"70,081.60887387118",560652.87,9514.00,271.512
1742995914.381396,1742995914.690295,1,3.24,"30,799.718632681288",246397.75,9514.00,308.899
1742995914.690295,1742995914.949562,108,416.56,"3,963,140.8408222944",31705126.73,9514.00,259.267
1742995914.949562,1742995915.233444,11,38.75,"368,653.2991592249",2949226.39,9514.00,283.882
1742995915.233444,1742995915.535026,39,129.32,"1,230,331.6491655249",9842653.19,9514.00,301.582
1742995915.535026,1742995915.884692,16,45.76,"435,341.3032793424",3482730.43,9514.00,349.666
1742995915.884692,1742995916.165479,22,78.35,"745,433.3947793422",5963467.16,9514.00,280.787
1742995916.165479,1742995916.453898,34,117.88,"1,121,548.8256377317",8972390.61,9514.00,288.419
1742995916.453898,1742995916.714374,27,103.66,"986,186.4017661983",7889491.21,9514.00,260.476
1742995916.714374,1742995917.086216,33,88.75,"844,342.6995892584",6754741.60,9514.00,371.842
1742995917.086216,1742995917.448735,48,132.41,"1,259,718.7112840058",10077749.69,9514.00,362.519
1742995917.448735,1742995917.727312,12,43.08,"409,825.51825387246",3278604.15,9514.00,278.577
1742995917.727312,1742995918.196481,51,108.70,"1,034,198.9814481585",8273591.85,9514.00,469.169
1742995918.196481,1742995918.551589,42,118.27,"1,125,257.5961907601",9002060.77,9514.00,355.108
1742995918.551589,1742995918.853806,31,102.58,"975,901.4002445586",7807211.20,9514.00,302.217
1742995918.853806,1742995919.143679,36,124.19,"1,181,566.1899351464",9452529.52,9514.00,289.873
1742995919.143679,1742995919.733749,10,16.95,"161,235.1051765846",1289880.84,9514.00,590.070
1742995919.733749,1742995920.054701,12,37.39,"355,716.5464654936",2845732.37,9514.00,320.952
1742995920.054701,1742995920.629748,10,17.39,"165,447.34139827074",1323578.73,9514.00,575.047
1742995920.629748,1742995920.952876,54,167.12,"1,589,945.853804738",12719566.83,9514.00,323.128
1742995920.952876,1742995921.225868,36,131.87,"1,254,630.6517719044",10037045.21,9514.00,272.992
1742995921.225868,1742995921.559496,17,50.95,"484,785.53797405487",3878284.30,9514.00,333.628
1742995921.559496,1742995927.212873,29,5.13,"48,803.74991107871",390430.00,9514.00,5653.377
1742995927.212873,1742995930.717525,13,3.71,"35,290.80752587694",282326.46,9514.00,3504.652
1742995930.717525,1742995932.240257,18,11.82,"112,463.64942449279",899709.20,9514.00,1522.732
1742995932.240257,1742995933.530076,32,24.81,"235,186.4870140685",1881491.90,9479.62,1289.819
1742995933.530076,1742995934.054989,78,148.60,"1,413,742.6533196769",11309941.23,9514.00,524.913
1742995934.054989,1742995934.323526,4,14.90,"141,716.14145473109",1133729.13,9514.00,268.537
1742995934.323526,1742995934.590334,4,14.99,"142,634.38612996103",1141075.09,9514.00,266.808
1742995934.590334,1742995934.977347,33,85.27,"808,918.6501450794",6471349.20,9486.73,387.013
1742995934.977347,1742995935.244707,3,11.22,"106,754.85314475784",854038.83,9514.00,267.360
1742995935.244707,1742995935.5109,4,15.03,"142,963.98639311988",1143711.89,9514.00,266.193
1742995935.5109,1742995936.765785,30,23.91,"227,447.14415424797",1819577.15,9514.00,1254.885
1742995936.765785,1742995937.145234,2,5.27,"50,146.3794235089",401171.04,9514.00,379.449
1742995937.145234,1742995937.400239,6,23.53,"223,854.53709909046",1790836.30,9514.00,255.005
1742995937.400239,1742995937.656587,76,296.47,"2,820,635.609021941",22565084.87,9514.00,256.348
1742995937.656587,1742995937.923751,35,131.01,"1,246,386.9117804542",9971095.29,9514.00,267.164
1742995937.923751,1742995938.454678,20,37.67,"358,392.0585898856",2867136.47,9514.00,530.927
1742995938.454678,1742995938.842971,4,10.30,"98,008.45564493598",784067.65,9514.00,388.293
1742995938.842971,1742995939.154761,18,57.73,"549,254.3243300284",4394034.59,9514.00,311.790
1742995939.154761,1742995939.598419,2,4.51,"42,888.90397219314",343111.23,9514.00,443.658
1742995939.598419,1742995939.872936,22,80.14,"762,458.9907591401",6099671.93,9514.00,274.517
1742995939.872936,1742995940.138886,56,210.57,"2,003,324.2003056994",16026593.60,9514.00,265.950
1742995940.138886,1742995940.393278,114,448.13,"4,263,484.659454525",34107877.28,9514.00,254.392
1742995940.393278,1742995940.647217,34,133.89,"1,273,832.718401499",10190661.75,9514.00,253.939
1742995940.647217,1742995940.9031,12,46.90,"446,172.70244518755",3569381.62,9514.00,255.883
1742995940.9031,1742995941.156994,52,204.81,"1,948,560.5148533818",15588484.12,9514.00,253.894
1742995941.156994,1742995941.466177,253,818.29,"7,785,172.264468036",62281378.12,9514.00,309.183
1742995941.466177,1742995941.732867,140,524.95,"4,994,412.693104376",39955301.54,9514.00,266.690
1742995941.732867,1742995941.996738,186,704.89,"6,706,323.563585437",53650588.51,9514.00,263.871
1742995941.996738,1742995942.254361,229,888.90,"8,456,955.94611998",67655647.57,9514.00,257.623
1742995942.254361,1742995942.522603,127,473.45,"4,504,430.5370615125",36035444.30,9514.00,268.242
1742995942.522603,1742995942.776208,270,1064.65,"10,129,063.406386787",81032507.25,9514.00,253.605
1742995942.776208,1742995943.035955,147,565.94,"5,384,307.989506708",43074463.92,9514.00,259.747
1742995943.035955,1742995943.289053,372,1469.79,"13,983,547.266060647",111868378.13,9514.00,253.098
1742995943.289053,1742995943.561948,82,300.48,"2,858,783.4903674196",22870267.92,9514.00,272.895
1742995943.561948,1742995943.817309,254,994.67,"9,463,299.00633484",75706392.05,9514.00,255.361
1742995943.817309,1742995944.074803,182,706.81,"6,724,609.426951071",53796875.42,9514.00,257.494
1742995944.074803,1742995944.328523,84,331.07,"3,149,836.8632916673",25198694.91,9514.00,253.720
1742995944.328523,1742995944.589092,326,1251.11,"11,903,038.588365331",95224308.71,9514.00,260.569
1742995944.589092,1742995944.866645,66,237.79,"2,262,356.4349503755",18098851.48,9514.00,277.553
1742995944.866645,1742995945.120023,392,1547.10,"14,719,072.924760807",117752583.40,9514.00,253.378
1742995945.120023,1742995945.375341,56,219.33,"2,086,747.325179922",16693978.60,9514.00,255.318
1742995945.375341,1742995945.640942,394,1483.43,"14,113,327.013410987",112906616.11,9514.00,265.601
1742995945.640942,1742995945.913991,38,139.17,"1,324,055.9822990613",10592447.86,9514.00,273.049
1742995945.913991,1742995946.190544,48,173.57,"1,651,300.6165695502",13210404.93,9514.00,276.553
1742995946.190544,1742995946.694198,22,43.68,"415,578.9464467796",3324631.57,9514.00,503.654
1742995946.694198,1742995946.976723,54,191.13,"1,818,443.982784752",14547551.86,9514.00,282.525
1742995946.976723,1742995947.280216,64,210.88,"2,006,293.239113801",16050345.91,9514.00,303.493
1742995947.280216,1742995947.592065,40,128.27,"1,220,333.7412671351",9762669.93,9514.00,311.849
1742995947.592065,1742995947.875858,71,250.18,"2,380,235.119620537",19041880.96,9514.00,283.793
1742995947.875858,1742995948.192092,2,6.32,"60,170.65723347967",481365.26,9514.00,316.234
1742995948.192092,1742995948.472549,34,121.23,"1,153,388.8516103583",9227110.81,9514.00,280.457
1742995948.472549,1742995948.856061,50,130.37,"1,240,378.3325023653",9923026.66,9514.00,383.512
1742995948.856061,1742995949.185394,26,78.95,"751,105.870716697",6008846.97,9514.00,329.333
1742995949.185394,1742995949.538452,16,45.32,"431,158.7891779756",3449270.31,9514.00,353.058
1742995949.538452,1742995950.143395,62,102.49,"975,080.2371294064",7800641.90,9514.00,604.943
1742995950.143395,1742995950.397956,63,247.48,"2,354,571.689330209",18836573.51,9514.00,254.561
1742995950.397956,1742995950.818161,80,190.38,"1,811,305.8849749328",14490447.08,9514.00,420.205
1742995950.818161,1742995951.07619,52,201.53,"1,917,334.991584215",15338679.93,9514.00,258.029
1742995951.07619,1742995951.464345,66,170.04,"1,617,714.6414682686",12941717.13,9514.00,388.155
1742995951.464345,1742995951.763111,12,40.17,"382,131.6614519326",3057053.29,9514.00,298.766
1742995951.763111,1742995952.173033,16,39.03,"371,348.8002037995",2970790.40,9514.00,409.922
1742995952.173033,1742995952.578572,10,24.66,"234,601.33699088864",1876810.70,9514.00,405.539
1742995952.578572,1742995952.841244,32,121.82,"1,159,042.6877390568",9272341.50,9514.00,262.672
1742995952.841244,1742995953.160983,13,40.66,"386,821.62649739056",3094573.01,9514.00,319.739
1742995953.160983,1742995953.490439,38,115.34,"1,097,360.9885731903",8778887.91,9514.00,329.456
1742995953.490439,1742995953.83511,81,235.01,"2,235,853.8300880915",17886830.64,9514.00,344.671
1742995953.83511,1742995954.097608,16,60.95,"579,905.0606822725",4639240.49,9514.00,262.498
1742995954.097608,1742995954.421447,29,89.55,"851,985.2249972208",6815881.80,9514.00,323.839
1742995954.421447,1742995954.86974,59,131.61,"1,252,140.9808788812",10017127.85,9514.00,448.293
1742995954.86974,1742995955.465133,16,26.87,"255,669.80921722576",2045358.47,9514.00,595.393
1742995955.465133,1742995955.845725,3,7.88,"74,993.672798482",599949.38,9514.00,380.592
1742995955.845725,1742995956.524142,25,36.85,"350,595.5944975324",2804764.76,9514.00,678.417
1742995956.524142,1742995956.862132,51,150.89,"1,435,586.6582225442",11484693.27,9514.00,337.990
1742995956.862132,1742995957.223054,22,60.96,"579,926.08192277",4639408.66,9514.00,360.922
1742995957.223054,1742995957.48092,46,178.39,"1,697,175.103739105",13577400.83,9514.00,257.866
1742995957.48092,1742995957.826254,86,249.03,"2,369,313.300228177",18954506.40,9514.00,345.334
1742995957.826254,1742995958.178972,16,45.36,"431,574.0915758814",3452592.73,9514.00,352.718
1742995958.178972,1742995958.452745,38,138.80,"1,320,554.1068809452",10564432.86,9514.00,273.773
1742995958.452745,1742995958.768518,18,57.00,"542,326.2737442316",4338610.19,9514.00,315.773
1742995958.768518,1742995959.087499,27,84.64,"805,308.3242297835",6442466.59,9514.00,318.981
1742995959.087499,1742995959.400856,37,118.08,"1,123,376.4397971567",8987011.52,9514.00,313.357
1742995959.400856,1742995960.005748,140,231.45,"2,201,979.801292893",17615838.41,9514.00,604.892
1742995960.005748,1742995960.608502,7,11.61,"110,489.54220050923",883916.34,9514.00,602.754
1742995960.608502,1742995960.903118,15,50.91,"484,393.2704544517",3875146.16,9514.00,294.616
1742995960.903118,1742995961.20349,75,249.69,"2,375,553.3342011604",19004426.67,9514.00,300.372
1742995961.20349,1742995961.531999,60,182.64,"1,737,668.7992092124",13901350.39,9514.00,328.509
1742995961.531999,1742995961.788937,7,27.24,"259,198.7367186427",2073589.89,9514.00,256.938
1742995961.788937,1742995962.201948,112,271.18,"2,580,000.1066055223",20640000.85,9514.00,413.011
1742995962.201948,1742995962.462879,27,103.48,"984,467.101335497",7875736.81,9514.00,260.931
1742995962.462879,1742995962.887006,41,96.67,"919,710.1488073088",7357681.19,9514.00,424.127
1742995962.887006,1742995963.155846,27,100.43,"955,504.8682392734",7644038.95,9514.00,268.840
1742995963.155846,1742995963.469843,67,213.38,"2,030,078.066293191",16240624.53,9514.00,313.997
1742995963.469843,1742995963.98239,25,48.78,"464,054.9891198068",3712439.91,9514.00,512.547
1742995963.98239,1742995964.38472,38,94.45,"898,595.3224916222",7188762.58,9514.00,402.330
1742995964.38472,1742995965.106514,26,36.02,"342,707.2512351264",2741658.01,9514.00,721.794
1742995965.106514,1742995965.403216,38,128.07,"1,218,502.443415527",9748019.55,9514.00,296.702
1742995965.403216,1742995965.684634,20,71.07,"676,147.0213741143",5409176.17,9514.00,281.418
1742995965.684634,1742995966.108799,27,63.65,"605,608.6515153644",4844869.21,9514.00,424.165
1742995966.108799,1742995966.438872,3,9.09,"86,471.749516587",691774.00,9514.00,330.073
1742995966.438872,1742995966.830892,35,89.28,"849,420.9758485779",6795367.81,9514.00,392.020
1742995966.830892,1742995967.128633,1,3.36,"31,953.953389450486",255631.63,9514.00,297.741
1742995967.128633,1742995967.621669,38,77.07,"733,277.0360343588",5866216.29,9514.00,493.036
1742995967.621669,1742995967.87535,53,208.92,"1,987,701.5244785084",15901612.20,9514.00,253.681
1742995967.87535,1742995968.148515,82,300.18,"2,855,958.982726402",22847671.86,9514.00,273.165
1742995968.148515,1742995968.41411,91,342.63,"3,259,753.1309154695",26078025.05,9514.00,265.595
1742995968.41411,1742995968.692229,186,668.78,"6,362,756.392210651",50902051.14,9514.00,278.119
1742995968.692229,1742995968.945267,316,1248.82,"11,881,317.577668522",95050540.62,9514.00,253.038
1742995968.945267,1742995969.218401,256,937.27,"8,917,176.408258678",71337411.27,9514.00,273.134
1742995969.218401,1742995969.525135,54,176.05,"1,674,923.084798249",13399384.68,9514.00,306.734
1742995969.525135,1742995969.787766,286,1088.98,"10,360,561.49876992",82884491.99,9514.00,262.631
1742995969.787766,1742995970.040897,228,900.72,"8,569,447.23254228",68555577.86,9514.00,253.131
1742995970.040897,1742995970.333203,91,311.32,"2,961,873.696532115",23694989.57,9514.00,292.306
1742995970.333203,1742995970.88273,84,152.86,"1,454,298.1546152234",11634385.24,9514.00,549.527
1742995970.88273,1742995971.15637,51,186.38,"1,773,184.2804843304",14185474.24,9514.00,273.640
1742995971.15637,1742995971.574961,46,109.89,"1,045,516.9281824095",8364135.43,9514.00,418.591
1742995971.574961,1742995971.845094,50,185.09,"1,760,984.2834195336",14087874.27,9514.00,270.133
1742995971.845094,1742995972.14224,48,161.54,"1,536,860.2441008375",12294881.95,9514.00,297.146
1742995972.14224,1742995972.576483,4,9.21,"87,637.57429199378",701100.59,9514.00,434.243
1742995972.576483,1742995972.895993,8,25.04,"238,214.77898877862",1905718.23,9514.00,319.510
1742995972.895993,1742995973.202546,32,104.39,"993,133.6906210724",7945069.52,9514.00,306.553
1742995973.202546,1742995973.539259,18,53.46,"508,599.1973302688",4068793.58,9514.00,336.713
1742995973.539259,1742995974.131893,86,145.11,"1,380,622.8660390468",11044982.93,9514.00,592.634
1742995974.131893,1742995974.548069,10,24.03,"228,605.16115948439",1828841.29,9514.00,416.176
1742995974.548069,1742995975.027449,39,81.36,"774,012.4396575262",6192099.52,9514.00,479.380
1742995975.027449,1742995975.33701,16,51.69,"491,741.50823055883",3933932.07,9514.00,309.561
1742995975.33701,1742995975.84521,22,43.29,"411,861.33521490975",3294890.68,9514.00,508.200
1742995975.84521,1742995976.134792,28,96.69,"919,919.0110020213",7359352.09,9514.00,289.582
1742995976.134792,1742995976.523739,7,18.00,"171,226.40946154195",1369811.28,9514.00,388.947
1742995976.523739,1742995976.788198,10,37.81,"359,753.45089932485",2878027.61,9514.00,264.459
1742995976.788198,1742995977.105126,23,72.57,"690,447.2379943609",5523577.90,9514.00,316.928
1742995977.105126,1742995977.394781,6,20.71,"197,075.689673735",1576605.52,9514.00,289.655
1742995977.394781,1742995977.682955,9,31.23,"297,133.07087596564",2377064.57,9514.00,288.174
1742995977.682955,1742995978.019197,4,11.90,"113,180.40122215045",905443.21,9514.00,336.242
1742995978.019197,1742995978.30847,28,96.79,"920,901.6336187535",7367213.07,9514.00,289.273
1742995978.30847,1742995978.640502,36,108.42,"1,031,539.2367002886",8252313.89,9514.00,332.032
1742995978.640502,1742995978.904397,9,34.10,"324,469.91686723474",2595759.33,9514.00,263.895
1742995978.904397,1742995979.228039,15,46.35,"440,950.1646392177",3527601.32,9514.00,323.642
1742995979.228039,1742995979.546217,37,116.29,"1,106,355.7759609153",8850846.21,9514.00,318.178
1742995979.546217,1742995979.904724,2,5.58,"53,075.68430930107",424605.47,9514.00,358.507
1742995979.904724,1742995980.209733,30,98.36,"935,775.2770301907",7486202.22,9514.00,305.009
1742995980.209733,1742995980.507621,18,60.43,"574,887.1276875191",4599097.02,9514.00,297.888
1742995980.507621,1742995980.770418,28,106.55,"1,013,680.2278684509",8109441.82,9514.00,262.797
1742995980.770418,1742995981.22325,4,8.83,"84,040.00022323838",672320.00,9514.00,452.832
1742995981.22325,1742995982.027238,22,27.36,"260,337.22547558398",2082697.80,9514.00,803.988
1742995982.027238,1742995982.286244,17,65.64,"624,456.519861923",4995652.16,9514.00,259.006
1742995982.286244,1742995982.543522,45,174.91,"1,664,075.6587607104",13312605.27,9514.00,257.278
1742995982.543522,1742995982.885181,5,14.63,"139,232.36438798567",1113858.92,9514.00,341.659
1742995982.885181,1742995983.1571,7,25.74,"244,918.51265967623",1959348.10,9514.00,271.919
1742995983.1571,1742995983.487852,7,21.16,"201,353.19802634662",1610825.58,9514.00,330.752
1742995983.487852,1742995983.746305,24,92.86,"883,472.4114129683",7067779.29,9514.00,258.453
1742995983.746305,1742995984.001593,22,86.18,"819,889.2946964575",6559114.36,9514.00,255.288
1742995984.001593,1742995984.890188,26,29.26,"278,376.58028508973",2227012.64,9514.00,888.595
1742995984.890188,1742995985.146338,10,39.04,"371,422.9838296082",2971383.87,9514.00,256.150
1742995985.146338,1742995985.399962,12,47.31,"450,146.74054688204",3601173.92,9514.00,253.624
1742995985.399962,1742995985.731212,4,12.08,"114,886.0542737931",919088.43,9514.00,331.250
1742995985.731212,1742995986.425779,10,14.40,"136,977.3860867643",1095819.09,9514.00,694.567
1742995986.425779,1742995986.713808,6,20.83,"198,188.40751241017",1585507.26,9514.00,288.029
1742995986.713808,1742995987.017274,11,36.25,"344,862.535091937",2758900.28,9514.00,303.466
1742995987.017274,1742995987.284773,13,48.60,"462,363.984987161",3698911.88,9514.00,267.499
1742995987.284773,1742995987.541792,28,108.94,"1,036,468.9092155489",8291751.27,9514.00,257.019
1742995987.541792,1742995987.911485,21,56.80,"540,432.1367311468",4323457.09,9514.00,369.693
1742995987.911485,1742995988.166081,15,58.92,"560,535.1334312869",4484281.07,9514.00,254.596
1742995988.166081,1742995988.586689,10,23.78,"226,196.33987431964",1809570.72,9514.00,420.608
1742995988.586689,1742995988.891447,8,26.25,"249,745.6409460449",1997965.13,9514.00,304.758
1742995988.891447,1742995989.195271,19,62.54,"594,969.5580140152",4759756.46,9514.00,303.824
1742995989.195271,1742995989.494649,23,76.83,"730,922.3114514662",5847378.49,9514.00,299.378
1742995989.494649,1742995989.75027,38,148.66,"1,414,328.4848864714",11314627.88,9514.00,255.621
1742995989.75027,1742995990.030156,24,85.75,"815,817.8473993698",6526542.78,9514.00,279.886
1742995990.030156,1742995990.55387,14,26.73,"254,329.62137396797",2034636.97,9514.00,523.714
1742995990.55387,1742995990.818916,17,64.14,"610,225.8738562397",4881806.99,9514.00,265.046
1742995990.818916,1742995991.096506,17,61.24,"582,650.5954683385",4661204.76,9514.00,277.590
1742995991.096506,1742995991.353806,18,69.96,"665,573.5193190473",5324588.15,9514.00,257.300
1742995991.353806,1742995991.615836,34,129.76,"1,234,500.402357345",9876003.22,9514.00,262.030
1742995991.615836,1742995991.904374,11,38.12,"362,704.41872855753",2901635.35,9514.00,288.538
1742995991.904374,1742995992.218952,33,104.90,"998,041.6423744691",7984333.14,9514.00,314.578
1742995992.218952,1742995992.587566,16,43.41,"412,963.20051950775",3303705.60,9514.00,368.614
1742995992.587566,1742995992.916384,12,36.49,"347,207.1822344422",2777657.46,9514.00,328.818
1742995992.916384,1742995993.210086,12,40.86,"388,720.37369995035",3109762.99,9514.00,293.702
1742995993.210086,1742995993.486412,34,123.04,"1,170,632.0395722156",9365056.32,9514.00,276.326
1742995993.486412,1742995993.776638,14,48.24,"458,938.92330542445",3671511.39,9514.00,290.226
1742995993.776638,1742995994.058371,8,28.40,"270,156.4611288731",2161251.69,9514.00,281.733
1742995994.058371,1742995994.317987,24,92.44,"879,514.7047721203",7036117.64,9514.00,259.616
1742995994.317987,1742995994.584709,36,134.97,"1,284,123.7182512404",10272989.75,9514.00,266.722
1742995994.584709,1742995994.940796,2,5.62,"53,436.38390746262",427491.07,9514.00,356.087
1742995994.940796,1742995995.229161,18,62.42,"593,872.0904975729",4750976.72,9514.00,288.365
1742995995.229161,1742995995.483396,31,121.93,"1,160,084.0407562698",9280672.33,9514.00,254.235
1742995995.483396,1742995995.857154,19,50.84,"483,644.70531380014",3869157.64,9514.00,373.758
1742995995.857154,1742995996.147707,26,89.48,"851,355.5904118267",6810844.72,9514.00,290.553
1742995996.147707,1742995996.572808,3,7.06,"67,141.68443238738",537133.48,9514.00,425.101
1742995996.572808,1742995996.906375,7,20.99,"199,654.0999356006",1597232.80,9514.00,333.567
1742995996.906375,1742995997.182676,11,39.81,"378,767.8831020346",3030143.06,9514.00,276.301
1742995997.182676,1742995997.439608,30,116.76,"1,110,877.4990047798",8887019.99,9514.00,256.932
1742995997.439608,1742995997.707737,18,67.13,"638,692.8747179032",5109543.00,9514.00,268.129
1742995997.707737,1742995997.993771,7,24.47,"232,832.37320894812",1862658.99,9514.00,286.034
1742995997.993771,1742995998.282965,8,27.66,"263,186.76934162265",2105494.15,9514.00,289.194
1742995998.282965,1742995998.630025,19,54.75,"520,849.47317498754",4166795.79,9514.00,347.060
1742995998.630025,1742995999.034785,55,135.88,"1,292,790.3989840294",10342323.19,9514.00,404.760
1742995999.034785,1742995999.314103,36,128.89,"1,226,215.9143967277",9809727.32,9514.00,279.318
1742995999.314103,1742995999.602049,18,62.51,"594,736.0499977644",4757888.40,9514.00,287.946
1742995999.602049,1742995999.889729,13,45.19,"429,929.22139170923",3439433.77,9514.00,287.680
1742995999.889729,1742996000.145428,30,117.33,"1,116,234.6746929311",8929877.40,9514.00,255.699
1742996000.145428,1742996000.401106,6,23.47,"223,265.04630396346",1786120.37,9514.00,255.678
1742996000.401106,1742996000.827355,33,77.42,"736,569.834858937",5892558.68,9514.00,426.249
1742996000.827355,1742996001.197573,42,113.45,"1,079,331.5246208962",8634652.20,9514.00,370.218
1742996001.197573,1742996001.479937,6,21.25,"202,164.48879653405",1617315.91,9514.00,282.364
1742996001.479937,1742996001.807346,2,6.11,"58,116.9067258546",464935.25,9514.00,327.409
1742996001.807346,1742996002.067474,10,38.44,"365,743.324177058",2925946.59,9514.00,260.128
1742996002.067474,1742996002.322687,15,58.77,"559,179.9303651486",4473439.44,9514.00,255.213
1742996002.322687,1742996002.610929,11,38.16,"363,076.73096300586",2904613.85,9514.00,288.242
1742996002.610929,1742996002.865116,17,66.88,"636,295.6546410077",5090365.24,9514.00,254.187
1742996002.865116,1742996003.134641,29,107.60,"1,023,674.7896220157",8189398.32,9514.00,269.525
1742996003.134641,1742996003.538197,30,74.34,"707,262.2468255154",5658097.97,9514.00,403.556
1742996003.538197,1742996003.79862,13,49.92,"474,927.4300283898",3799419.44,9514.00,260.423
1742996003.79862,1742996004.086843,23,79.80,"759,210.675772503",6073685.41,9514.00,288.223
1742996004.086843,1742996004.598363,2,3.91,"37,198.94312761306",297591.55,9514.00,511.520
1742996004.598363,1742996004.902104,14,46.09,"438,518.3743443785",3508146.99,9514.00,303.741
1742996004.902104,1742996005.179927,21,75.59,"719,140.7808251271",5753126.25,9514.00,277.823
1742996005.179927,1742996005.441115,48,183.78,"1,748,443.1290231592",13987545.03,9514.00,261.188
1742996005.441115,1742996005.752414,27,86.73,"815,183.8913917084",6521471.13,9398.74,311.299
1742996005.752414,1742996010.99003,3,0.57,"5,449.425780973676",43595.41,9514.00,5237.616
1742996010.99003,1742996011.092444,4,15.81,"1,043.4782608695652",8347.83,66.00,102.414
